_viz_0 = nengo_gui.components.Slider(freq)
_viz_config[_viz_0].label_visible = True
_viz_config[_viz_0].width = 0.05053943715692938
_viz_config[_viz_0].x = -0.09584698380034068
_viz_config[_viz_0].y = 0.6447584361605307
_viz_config[_viz_0].max_value = 1
_viz_config[_viz_0].min_value = -1
_viz_config[_viz_0].height = 0.27913568437108854
_viz_1 = nengo_gui.components.XYValue(ctrl_osc)
_viz_config[_viz_1].index_x = 0
_viz_config[_viz_1].index_y = 1
_viz_config[_viz_1].max_value = 1
_viz_config[_viz_1].min_value = -1
_viz_config[_viz_1].height = 0.3184241821111007
_viz_config[_viz_1].label_visible = True
_viz_config[_viz_1].width = 0.22036374411911666
_viz_config[_viz_1].y = 0.8068401743857515
_viz_config[_viz_1].x = 0.2741802466633194
_viz_2 = nengo_gui.components.Value(ctrl_osc)
_viz_config[_viz_2].label_visible = True
_viz_config[_viz_2].width = 0.29827704966286606
_viz_config[_viz_2].x = 0.8878083749086362
_viz_config[_viz_2].y = 0.2623806931688725
_viz_config[_viz_2].max_value = 1
_viz_config[_viz_2].min_value = -1
_viz_config[_viz_2].height = 0.2791243408005495
_viz_3 = nengo_gui.components.Raster(ctrl_osc)
_viz_config[_viz_3].label_visible = True
_viz_config[_viz_3].width = 0.30820888084560805
_viz_config[_viz_3].x = 0.88484413715729
_viz_config[_viz_3].y = 0.9194075545887432
_viz_config[_viz_3].height = 0.2796009318435652
_viz_ace_editor = nengo_gui.components.AceEditor()
_viz_net_graph = nengo_gui.components.NetGraph()
_viz_sim_control = nengo_gui.components.SimControl()
_viz_config[_viz_sim_control].kept_time = 4.0
_viz_config[_viz_sim_control].shown_time = 0.5
_viz_config[ctrl_osc].pos=(0.32205487979696046, 0.12926706159521967)
_viz_config[ctrl_osc].size=(0.15151515151515152, 0.10869565217391303)
_viz_config[freq].pos=(-0.022809117415564434, 0.7036575572832792)
_viz_config[freq].size=(0.02373847142575946, 0.08556439293443888)
_viz_config[model].pos=(0.33632400033060295, 0.16243086195740808)
_viz_config[model].size=(0.6158979164568259, 0.6158979164568259)
_viz_config[model].expanded=True
_viz_config[model].has_layout=True
_viz_config[stim].pos=(-0.10453639058514719, 0.12848696562174025)
_viz_config[stim].size=(0.022126751481737775, 0.08695652173913043)