_viz_0 = nengo_gui.components.Value(position)
_viz_config[_viz_0].label_visible = True
_viz_config[_viz_0].width = 0.1368462274985471
_viz_config[_viz_0].x = 0.9254609431795356
_viz_config[_viz_0].y = 0.23156132426992412
_viz_config[_viz_0].max_value = 1
_viz_config[_viz_0].min_value = -1
_viz_config[_viz_0].height = 0.22195100947594937
_viz_1 = nengo_gui.components.Raster(position)
_viz_config[_viz_1].label_visible = True
_viz_config[_viz_1].width = 0.3139426062385242
_viz_config[_viz_1].x = 0.9374928887339032
_viz_config[_viz_1].y = 0.8900635844788974
_viz_config[_viz_1].height = 0.2219495084058796
_viz_2 = nengo_gui.components.Slider(vel)
_viz_config[_viz_2].label_visible = True
_viz_config[_viz_2].width = 0.09128725586693018
_viz_config[_viz_2].x = 0.02649316651734107
_viz_config[_viz_2].y = 0.8266988047355488
_viz_config[_viz_2].max_value = 1
_viz_config[_viz_2].min_value = -1
_viz_config[_viz_2].height = 0.29611775146917435
_viz_3 = nengo_gui.components.Slider(dec)
_viz_config[_viz_3].label_visible = True
_viz_config[_viz_3].width = 0.09128725586693018
_viz_config[_viz_3].x = 0.0045842251092778966
_viz_config[_viz_3].y = 0.14674701183887148
_viz_config[_viz_3].max_value = 1
_viz_config[_viz_3].min_value = -1
_viz_config[_viz_3].height = 0.29611775146917435
_viz_ace_editor = nengo_gui.components.AceEditor()
_viz_net_graph = nengo_gui.components.NetGraph()
_viz_sim_control = nengo_gui.components.SimControl()
_viz_config[_viz_sim_control].kept_time = 4.0
_viz_config[_viz_sim_control].shown_time = 0.5
_viz_config[dec].pos=(0.12264150943396226, 0.2)
_viz_config[dec].size=(0.07547169811320754, 0.08)
_viz_config[decay].pos=(0.48113207547169806, 0.2)
_viz_config[decay].size=(0.09433962264150943, 0.1)
_viz_config[model].pos=(0.10671460263165883, 0.27437440225530485)
_viz_config[model].size=(0.6977344965738806, 0.6977344965738806)
_viz_config[model].expanded=True
_viz_config[model].has_layout=True
_viz_config[position].pos=(0.6614319984398283, 0.5643657927480258)
_viz_config[position].size=(0.09433962264150943, 0.1)
_viz_config[vel].pos=(0.12264150943396226, 0.7999999999999999)
_viz_config[vel].size=(0.07547169811320754, 0.08)
_viz_config[velocity].pos=(0.48113207547169806, 0.7999999999999999)
_viz_config[velocity].size=(0.09433962264150943, 0.1)