_viz_0 = nengo_gui.components.Slider(vel)
_viz_config[_viz_0].label_visible = True
_viz_config[_viz_0].width = 0.06192259486884655
_viz_config[_viz_0].x = -0.11064488608975671
_viz_config[_viz_0].y = 0.06155987892929539
_viz_config[_viz_0].max_value = 1
_viz_config[_viz_0].min_value = -1
_viz_config[_viz_0].height = 0.2334553001951916
_viz_1 = nengo_gui.components.Slider(dec)
_viz_config[_viz_1].label_visible = True
_viz_config[_viz_1].width = 0.06192259486884655
_viz_config[_viz_1].x = -0.11427432776344779
_viz_config[_viz_1].y = 0.551835281045687
_viz_config[_viz_1].max_value = 1
_viz_config[_viz_1].min_value = -1
_viz_config[_viz_1].height = 0.2334553001951916
_viz_2 = nengo_gui.components.Value(position)
_viz_config[_viz_2].label_visible = True
_viz_config[_viz_2].width = 0.1238451897376931
_viz_config[_viz_2].x = 0.7132370099301846
_viz_config[_viz_2].y = 0.08163887764270228
_viz_config[_viz_2].max_value = 1
_viz_config[_viz_2].min_value = -1
_viz_config[_viz_2].height = 0.2334553001951916
_viz_3 = nengo_gui.components.Raster(position)
_viz_config[_viz_3].label_visible = True
_viz_config[_viz_3].width = 0.2565036314678338
_viz_config[_viz_3].x = 0.7100047559512894
_viz_config[_viz_3].y = 0.5612716911561116
_viz_config[_viz_3].height = 0.2191511694701166
_viz_ace_editor = nengo_gui.components.AceEditor()
_viz_net_graph = nengo_gui.components.NetGraph()
_viz_sim_control = nengo_gui.components.SimControl()
_viz_config[_viz_sim_control].kept_time = 4.0
_viz_config[_viz_sim_control].shown_time = 0.5
_viz_config[dec].pos=(0.010309260301491088, 0.6457697774439528)
_viz_config[dec].size=(0.0312659196955804, 0.09622323346998274)
_viz_config[decay].pos=(0.19703216229951637, 0.49534007441059313)
_viz_config[decay].size=(0.04942850261886927, 0.10049100532431272)
_viz_config[model].pos=(0.19207632815157716, 0.2710624310064383)
_viz_config[model].size=(0.826071126907264, 0.826071126907264)
_viz_config[model].expanded=True
_viz_config[model].has_layout=True
_viz_config[position].pos=(0.46828626132493933, 0.009787953223306957)
_viz_config[position].size=(0.1, 0.1)
_viz_config[vel].pos=(0.004911493277244441, -0.03578701715908525)
_viz_config[vel].size=(0.029408241849514984, 0.09622323346998277)
_viz_config[velocity].pos=(0.21406677570033902, -0.031460927986590295)
_viz_config[velocity].size=(0.1, 0.1)