_viz_0 = nengo_gui.components.Slider(inhib)
_viz_config[_viz_0].label_visible = True
_viz_config[_viz_0].width = 0.050806563449539016
_viz_config[_viz_0].x = -0.07629862150573614
_viz_config[_viz_0].y = -0.15567874021047445
_viz_config[_viz_0].max_value = 2
_viz_config[_viz_0].min_value = -2
_viz_config[_viz_0].height = 0.28483792191596424
_viz_2 = nengo_gui.components.XYValue(error)
_viz_config[_viz_2].index_x = 0
_viz_config[_viz_2].index_y = 1
_viz_config[_viz_2].max_value = 1
_viz_config[_viz_2].min_value = -1
_viz_config[_viz_2].height = 0.2937549300021521
_viz_config[_viz_2].label_visible = True
_viz_config[_viz_2].width = 0.15643047085480458
_viz_config[_viz_2].y = -0.34433039650056274
_viz_config[_viz_2].x = 0.3615527788308461
_viz_3 = nengo_gui.components.XYValue(pre)
_viz_config[_viz_3].index_x = 0
_viz_config[_viz_3].index_y = 1
_viz_config[_viz_3].max_value = 1
_viz_config[_viz_3].min_value = -1
_viz_config[_viz_3].height = 0.2937549300021521
_viz_config[_viz_3].label_visible = True
_viz_config[_viz_3].width = 0.15643047085480458
_viz_config[_viz_3].y = 0.44866200494957503
_viz_config[_viz_3].x = 0.4866376263541963
_viz_4 = nengo_gui.components.XYValue(post)
_viz_config[_viz_4].index_x = 0
_viz_config[_viz_4].index_y = 1
_viz_config[_viz_4].max_value = 1
_viz_config[_viz_4].min_value = -1
_viz_config[_viz_4].height = 0.2937549300021521
_viz_config[_viz_4].label_visible = True
_viz_config[_viz_4].width = 0.15643047085480458
_viz_config[_viz_4].y = 0.4192296583907631
_viz_config[_viz_4].x = 1.062217246987519
_viz_ace_editor = nengo_gui.components.AceEditor()
_viz_net_graph = nengo_gui.components.NetGraph()
_viz_sim_control = nengo_gui.components.SimControl()
_viz_config[_viz_sim_control].kept_time = 4.0
_viz_config[_viz_sim_control].shown_time = 0.5
_viz_config[error].pos=(0.6131690795334978, -0.10339340078563203)
_viz_config[error].size=(0.0684931506849315, 0.1020408163265306)
_viz_config[inhib].pos=(0.07888867119699974, -0.08167711559232632)
_viz_config[inhib].size=(0.0547945205479452, 0.08163265306122448)
_viz_config[model].pos=(0.3048328629407623, 0.6933669643660382)
_viz_config[model].size=(0.6442746505370832, 0.6442746505370832)
_viz_config[model].expanded=True
_viz_config[model].has_layout=True
_viz_config[post].pos=(0.8992927999249386, 0.24845291182884094)
_viz_config[post].size=(0.0684931506849315, 0.1020408163265306)
_viz_config[pre].pos=(0.34931506849315064, 0.2040816326530612)
_viz_config[pre].size=(0.0684931506849315, 0.1020408163265306)
_viz_config[stim].pos=(0.08904109589041095, 0.2040816326530612)
_viz_config[stim].size=(0.0547945205479452, 0.08163265306122448)