_viz_0 = nengo_gui.components.Value(result)
_viz_config[_viz_0].max_value = 1
_viz_config[_viz_0].min_value = -1
_viz_config[_viz_0].legend_labels = [u'desired', u' actual']
_viz_config[_viz_0].height = 0.16408839779005524
_viz_config[_viz_0].label_visible = True
_viz_config[_viz_0].width = 0.19247985675917637
_viz_config[_viz_0].show_legend = True
_viz_config[_viz_0].y = 0.800862200596948
_viz_config[_viz_0].x = 0.5253969654390335
_viz_2 = nengo_gui.components.Slider(stop_learn)
_viz_config[_viz_2].label_visible = True
_viz_config[_viz_2].width = 0.05767012687427912
_viz_config[_viz_2].x = 0.08365746282907588
_viz_config[_viz_2].y = 0.5087109414650424
_viz_config[_viz_2].max_value = 1
_viz_config[_viz_2].min_value = 0
_viz_config[_viz_2].height = 0.1594896331738437
_viz_3 = nengo_gui.components.Slider(desired)
_viz_config[_viz_3].label_visible = True
_viz_config[_viz_3].width = 0.05767012687427912
_viz_config[_viz_3].x = 0.08642996840680005
_viz_config[_viz_3].y = 0.18341307814992075
_viz_config[_viz_3].max_value = 1
_viz_config[_viz_3].min_value = -1
_viz_config[_viz_3].height = 0.1594896331738437
_viz_ace_editor = nengo_gui.components.AceEditor()
_viz_net_graph = nengo_gui.components.NetGraph()
_viz_sim_control = nengo_gui.components.SimControl()
_viz_config[_viz_sim_control].kept_time = 4.0
_viz_config[_viz_sim_control].shown_time = 0.5
_viz_config[adapt].pos=(0.8936111529010567, 0.15948963317384424)
_viz_config[adapt].size=(0.07246376811594202, 0.15151515151515155)
_viz_config[control].pos=(0.3873677348177122, 0.17224880382775148)
_viz_config[control].size=(0.05797101449275362, 0.12121212121212124)
_viz_config[desired].pos=(0.2291509954365377, 0.16746411483253607)
_viz_config[desired].size=(0.05797101449275362, 0.12121212121212124)
_viz_config[error].pos=(0.5422010429422922, 0.48386738706574683)
_viz_config[error].size=(0.1, 0.1)
_viz_config[minsim].pos=(0.6851461812346393, 0.13875598086124444)
_viz_config[minsim].size=(0.05797101449275362, 0.12121212121212124)
_viz_config[model].pos=(0, 0)
_viz_config[model].size=(1.0, 1.0)
_viz_config[model].expanded=True
_viz_config[model].has_layout=True
_viz_config[motor].pos=(0.7774510177524115, 0.475600645862681)
_viz_config[motor].size=(0.1, 0.1)
_viz_config[result].pos=(0.337159508567767, 0.018171204577640283)
_viz_config[result].size=(0.1, 0.1)
_viz_config[state_node].pos=(0.7997292506177275, 0.04268682756615271)
_viz_config[state_node].size=(0.03375920063960039, 0.033492822966507206)
_viz_config[stop_learn].pos=(0.3196427389682907, 0.49350398331338585)
_viz_config[stop_learn].size=(0.1, 0.1)