_viz_1 = nengo_gui.components.XYValue(post)
_viz_config[_viz_1].index_x = 0
_viz_config[_viz_1].index_y = 1
_viz_config[_viz_1].max_value = 1
_viz_config[_viz_1].min_value = -1
_viz_config[_viz_1].height = 0.37719755476230904
_viz_config[_viz_1].label_visible = True
_viz_config[_viz_1].width = 0.3394977212685907
_viz_config[_viz_1].y = 1.106791484513462
_viz_config[_viz_1].x = 1.3005325430835626
_viz_2 = nengo_gui.components.XYValue(pre)
_viz_config[_viz_2].index_x = 0
_viz_config[_viz_2].index_y = 1
_viz_config[_viz_2].max_value = 1
_viz_config[_viz_2].min_value = -1
_viz_config[_viz_2].height = 0.37719761928635215
_viz_config[_viz_2].label_visible = True
_viz_config[_viz_2].width = 0.34489907712569784
_viz_config[_viz_2].y = 1.0446828192552124
_viz_config[_viz_2].x = 0.5599925669878307
_viz_ace_editor = nengo_gui.components.AceEditor()
_viz_net_graph = nengo_gui.components.NetGraph()
_viz_sim_control = nengo_gui.components.SimControl()
_viz_config[_viz_sim_control].kept_time = 4.0
_viz_config[_viz_sim_control].shown_time = 0.5
_viz_config[model].pos=(0.32805332247670216, 0.04304270743641565)
_viz_config[model].size=(0.45303107593719355, 0.45303107593719355)
_viz_config[model].expanded=True
_viz_config[model].has_layout=True
_viz_config[post].pos=(1.3528625348409813, 0.5000000000000001)
_viz_config[post].size=(0.09433962264150943, 0.25)
_viz_config[pre].pos=(0.48113207547169806, 0.5)
_viz_config[pre].size=(0.09433962264150943, 0.25)
_viz_config[stim].pos=(0.016180223052714337, 0.4918492195449019)
_viz_config[stim].size=(0.07547169811320754, 0.2)