_viz_0 = nengo_gui.components.Slider(user_input)
_viz_config[_viz_0].label_visible = True
_viz_config[_viz_0].width = 0.05140865657033302
_viz_config[_viz_0].x = 0.07814544758219874
_viz_config[_viz_0].y = 0.672993016764516
_viz_config[_viz_0].max_value = 1
_viz_config[_viz_0].min_value = -1
_viz_config[_viz_0].height = 0.1930767865084263
_viz_1 = nengo_gui.components.Value(state)
_viz_config[_viz_1].label_visible = True
_viz_config[_viz_1].width = 0.10281731314066604
_viz_config[_viz_1].x = 0.27144199628665105
_viz_config[_viz_1].y = 0.4169235079695141
_viz_config[_viz_1].max_value = 1
_viz_config[_viz_1].min_value = -1
_viz_config[_viz_1].height = 0.1930767865084263
_viz_3 = nengo_gui.components.Value(reward_input)
_viz_config[_viz_3].label_visible = True
_viz_config[_viz_3].width = 0.10367727191885173
_viz_config[_viz_3].x = 0.6772129716290434
_viz_config[_viz_3].y = 0.7305035813054154
_viz_config[_viz_3].max_value = 1
_viz_config[_viz_3].min_value = -1
_viz_config[_viz_3].height = 0.19469167093158418
_viz_4 = nengo_gui.components.Slider(state)
_viz_config[_viz_4].label_visible = True
_viz_config[_viz_4].width = 0.05235831924489385
_viz_config[_viz_4].x = 0.06461634509014653
_viz_config[_viz_4].y = 0.27137542556082433
_viz_config[_viz_4].max_value = 1
_viz_config[_viz_4].min_value = -1
_viz_config[_viz_4].height = 0.1966434585380746
_viz_5 = nengo_gui.components.Value(vals_relay)
_viz_config[_viz_5].label_visible = True
_viz_config[_viz_5].width = 0.10436903067168682
_viz_config[_viz_5].x = 0.853383807817824
_viz_config[_viz_5].y = 0.37035912484482064
_viz_config[_viz_5].max_value = 1
_viz_config[_viz_5].min_value = -1
_viz_config[_viz_5].height = 0.19599069881858747
_viz_ace_editor = nengo_gui.components.AceEditor()
_viz_net_graph = nengo_gui.components.NetGraph()
_viz_sim_control = nengo_gui.components.SimControl()
_viz_config[_viz_sim_control].kept_time = 4.0
_viz_config[_viz_sim_control].shown_time = 0.5
_viz_config[model].pos=(0.037532048241355365, 0.018394553081651367)
_viz_config[model].size=(0.9017025271766104, 0.9017025271766104)
_viz_config[model].expanded=True
_viz_config[model].has_layout=True
_viz_config[reward_input].pos=(0.42307352421350264, 0.8093857388316144)
_viz_config[reward_input].size=(0.05797101449275362, 0.08333333333333333)
_viz_config[state].pos=(0.1106536686532313, 0.20833333333333331)
_viz_config[state].size=(0.05797101449275362, 0.08333333333333333)
_viz_config[user_input].pos=(0.2268372325021839, 0.8145860254872248)
_viz_config[user_input].size=(0.05797101449275362, 0.08333333333333333)
_viz_config[vals].pos=(0.45532419902040744, 0.20833333333333331)
_viz_config[vals].size=(0.07246376811594202, 0.10416666666666666)
_viz_config[vals_relay].pos=(0.644927536231884, 0.20833333333333331)
_viz_config[vals_relay].size=(0.05797101449275362, 0.08333333333333333)