_viz_0 = nengo_gui.components.Slider(stim)
_viz_config[_viz_0].label_visible = True
_viz_config[_viz_0].width = 0.052482009923449625
_viz_config[_viz_0].x = 0.07214396227172834
_viz_config[_viz_0].y = 0.6008222986407714
_viz_config[_viz_0].max_value = 1
_viz_config[_viz_0].min_value = -1
_viz_config[_viz_0].height = 0.19786320982633884
_viz_1 = nengo_gui.components.Value(neurons)
_viz_config[_viz_1].synapse = 0.01
_viz_config[_viz_1].max_value = 1
_viz_config[_viz_1].min_value = -1
_viz_config[_viz_1].legend_labels = [u'label_0', u'label_1']
_viz_config[_viz_1].height = 0.2040930159683231
_viz_config[_viz_1].label_visible = True
_viz_config[_viz_1].width = 0.10999539386924362
_viz_config[_viz_1].show_legend = False
_viz_config[_viz_1].y = 0.36998370673826664
_viz_config[_viz_1].x = 0.8209644323629463
_viz_ace_editor = nengo_gui.components.NoEditor()
_viz_net_graph = nengo_gui.components.NetGraph()
_viz_sim_control = nengo_gui.components.SimControl()
_viz_config[_viz_sim_control].kept_time = 4.0
_viz_config[_viz_sim_control].shown_time = 0.5
_viz_config[model].pos=(0.025254157758206497, 0.03232684453173035)
_viz_config[model].size=(0.9569778714540339, 0.9569778714540339)
_viz_config[model].expanded=True
_viz_config[model].has_layout=True
_viz_config[neurons].pos=(0.5258030450370741, 0.4564501162316765)
_viz_config[neurons].size=(0.08090239336623316, 0.36439519676185506)
_viz_config[neurons].expanded=True
_viz_config[neurons].has_layout=True
_viz_config[neurons.ea_ensembles[0]].pos=(0.49999999999999994, 0.2)
_viz_config[neurons.ea_ensembles[0]].size=(0.09803921568627451, 0.1)
_viz_config[neurons.ea_ensembles[1]].pos=(0.49999999999999994, 0.7999999999999999)
_viz_config[neurons.ea_ensembles[1]].size=(0.09803921568627451, 0.1)
_viz_config[neurons.input].pos=(0.12745098039215685, 0.5)
_viz_config[neurons.input].size=(0.07843137254901959, 0.08)
_viz_config[neurons.output].pos=(0.872549019607843, 0.5)
_viz_config[neurons.output].size=(0.07843137254901959, 0.08)
_viz_config[stim].pos=(0.07207694958061168, 0.24758886581924844)
_viz_config[stim].size=(0.02825496682834416, 0.11154302037948158)