_viz_0 = nengo_gui.components.Value(ensA)
_viz_config[_viz_0].label_visible = True
_viz_config[_viz_0].width = 0.22719320965052514
_viz_config[_viz_0].x = 0.45778894712686535
_viz_config[_viz_0].y = 0.7290734637159871
_viz_config[_viz_0].max_value = 1
_viz_config[_viz_0].min_value = -1
_viz_config[_viz_0].height = 0.4266376303361006
_viz_1 = nengo_gui.components.Slider(stim)
_viz_config[_viz_1].label_visible = True
_viz_config[_viz_1].width = 0.11378593249997135
_viz_config[_viz_1].x = -0.33501967502412006
_viz_config[_viz_1].y = 0.6924430282649601
_viz_config[_viz_1].max_value = 1
_viz_config[_viz_1].min_value = -1
_viz_config[_viz_1].height = 0.42734869305332746
_viz_2 = nengo_gui.components.Raster(ensA)
_viz_config[_viz_2].label_visible = True
_viz_config[_viz_2].width = 0.3584256873749097
_viz_config[_viz_2].x = 1.0410526078789235
_viz_config[_viz_2].y = 0.9030773793406307
_viz_config[_viz_2].height = 0.26709290055421187
_viz_3 = nengo_gui.components.Value(stim)
_viz_config[_viz_3].label_visible = True
_viz_config[_viz_3].width = 0.2275718649999427
_viz_config[_viz_3].x = 0.006338122475793803
_viz_config[_viz_3].y = 0.7180839498481598
_viz_config[_viz_3].max_value = 1
_viz_config[_viz_3].min_value = -1
_viz_config[_viz_3].height = 0.42734869305332746
_viz_ace_editor = nengo_gui.components.NoEditor()
_viz_net_graph = nengo_gui.components.NetGraph()
_viz_sim_control = nengo_gui.components.SimControl()
_viz_config[_viz_sim_control].kept_time = 4.0
_viz_config[_viz_sim_control].shown_time = 0.5
_viz_config[ensA].pos=(0.8279401764884986, -0.051136343754943005)
_viz_config[ensA].size=(0.15151515151515152, 0.25)
_viz_config[model].pos=(0.7616722623837331, 0.6088570373964997)
_viz_config[model].size=(0.4465666977778127, 0.4465666977778127)
_viz_config[model].expanded=True
_viz_config[model].has_layout=True
_viz_config[stim].pos=(-0.32424011453627466, -0.03769399390726142)
_viz_config[stim].size=(0.1212121212121212, 0.2)
