_viz_0 = nengo_gui.components.XYValue(error)
_viz_config[_viz_0].max_value = 1
_viz_config[_viz_0].min_value = -1
_viz_config[_viz_0].index_x = 0
_viz_config[_viz_0].index_y = 1
_viz_config[_viz_0].x = 0.1795592122432051
_viz_config[_viz_0].y = 0.24246283265225416
_viz_config[_viz_0].width = 0.2632338095907846
_viz_config[_viz_0].height = 0.31169809910524937
_viz_config[_viz_0].label_visible = True
_viz_1 = nengo_gui.components.XYValue(pre)
_viz_config[_viz_1].max_value = 1
_viz_config[_viz_1].min_value = -1
_viz_config[_viz_1].index_x = 0
_viz_config[_viz_1].index_y = 1
_viz_config[_viz_1].x = 0.39586158951729394
_viz_config[_viz_1].y = 1.092790015341892
_viz_config[_viz_1].width = 0.27922062620497207
_viz_config[_viz_1].height = 0.3116981528173921
_viz_config[_viz_1].label_visible = True
_viz_2 = nengo_gui.components.XYValue(post)
_viz_config[_viz_2].max_value = 1
_viz_config[_viz_2].min_value = -1
_viz_config[_viz_2].index_x = 0
_viz_config[_viz_2].index_y = 1
_viz_config[_viz_2].x = 1.0872329615448801
_viz_config[_viz_2].y = 1.0803219493206806
_viz_config[_viz_2].width = 0.27522392967451886
_viz_config[_viz_2].height = 0.3116980573291384
_viz_config[_viz_2].label_visible = True
_viz_net_graph = nengo_gui.components.NetGraph()
_viz_progress = nengo_gui.components.Progress()
_viz_config[_viz_progress].x = 0
_viz_config[_viz_progress].y = 0
_viz_config[_viz_progress].width = 100
_viz_config[_viz_progress].height = 100
_viz_config[_viz_progress].label_visible = True
_viz_sim_control = nengo_gui.components.SimControl()
_viz_config[_viz_sim_control].shown_time = 0.5
_viz_config[_viz_sim_control].kept_time = 4.0
_viz_config[error].pos=(0.6232876712328768, 0.2898550724637681)
_viz_config[error].size=(0.0684931506849315, 0.14492753623188406)
_viz_config[model].pos=(0.15600273995131098, 0.07449826757411604)
_viz_config[model].size=(0.6122511521252381, 0.6122511521252381)
_viz_config[model].expanded=True
_viz_config[model].has_layout=True
_viz_config[post].pos=(1.1454320615961988, 0.692470252804822)
_viz_config[post].size=(0.0684931506849315, 0.14492753623188406)
_viz_config[pre].pos=(0.34931506849315064, 0.7101449275362319)
_viz_config[pre].size=(0.0684931506849315, 0.14492753623188406)
_viz_config[stim].pos=(0.08904109589041095, 0.7101449275362319)
_viz_config[stim].size=(0.0547945205479452, 0.11594202898550725)