_viz_1 = nengo_gui.components.XYValue(error)
_viz_config[_viz_1].index_x = 0
_viz_config[_viz_1].index_y = 1
_viz_config[_viz_1].max_value = 1
_viz_config[_viz_1].min_value = -1
_viz_config[_viz_1].height = 0.3472404122571098
_viz_config[_viz_1].label_visible = True
_viz_config[_viz_1].width = 0.1849125772588674
_viz_config[_viz_1].y = 0.04454267777440016
_viz_config[_viz_1].x = 0.11303619203558177
_viz_2 = nengo_gui.components.XYValue(pre)
_viz_config[_viz_2].index_x = 0
_viz_config[_viz_2].index_y = 1
_viz_config[_viz_2].max_value = 1
_viz_config[_viz_2].min_value = -1
_viz_config[_viz_2].height = 0.3472404122571098
_viz_config[_viz_2].label_visible = True
_viz_config[_viz_2].width = 0.1849125772588674
_viz_config[_viz_2].y = 0.9208669727702171
_viz_config[_viz_2].x = 0.22734826460144883
_viz_3 = nengo_gui.components.XYValue(post)
_viz_config[_viz_3].index_x = 0
_viz_config[_viz_3].index_y = 1
_viz_config[_viz_3].max_value = 1
_viz_config[_viz_3].min_value = -1
_viz_config[_viz_3].height = 0.3472404122571098
_viz_config[_viz_3].label_visible = True
_viz_config[_viz_3].width = 0.1849125772588674
_viz_config[_viz_3].y = 0.9000325480347906
_viz_config[_viz_3].x = 1.0674553421499111
_viz_ace_editor = nengo_gui.components.NoEditor()
_viz_net_graph = nengo_gui.components.NetGraph()
_viz_sim_control = nengo_gui.components.SimControl()
_viz_config[_viz_sim_control].kept_time = 4.0
_viz_config[_viz_sim_control].shown_time = 0.5
_viz_config[error].pos=(0.6103437908247561, -0.04458441347950236)
_viz_config[error].size=(0.0684931506849315, 0.10526315789473682)
_viz_config[inhib].pos=(0.5, 0.8105263157894735)
_viz_config[inhib].size=(0.3076923076923077, 0.08421052631578946)
_viz_config[model].pos=(0.46437698258162735, 0.26863012220640026)
_viz_config[model].size=(0.5779849881023301, 0.5779849881023301)
_viz_config[model].expanded=True
_viz_config[model].has_layout=True
_viz_config[post].pos=(0.8972602739726027, 0.5157894736842106)
_viz_config[post].size=(0.0684931506849315, 0.10526315789473682)
_viz_config[pre].pos=(0.34931506849315064, 0.5157894736842106)
_viz_config[pre].size=(0.0684931506849315, 0.10526315789473682)
_viz_config[stim].pos=(-0.16983651227200344, 0.5232927304274158)
_viz_config[stim].size=(0.0547945205479452, 0.08421052631578946)
